건물					받는 화물							주는 화물			지역당국
					승객		우편		상품		식품			인구수	우편수		관계도	철거비용	
초가집 				2 		1 		2 		1 			17
기와집 				3 		1 		2 		1 			12

단독주택				
	1990 			3		1		1		1 			10
빌라	
	1980 			4		1		2		1 			25
	2000 			4		1		2		1 			25
저층 아파트
	1970 			7		3		2		2 			105
	1990 			7		3		2		2 			115
	2000 			7		3		2 		2 			105
고층 아파트
	1970 			7		4		2 		2 			175
	1980 			7 		4 		2 		2 			175
	1990 			7 		4 		2 		2 			150
	2000 			8 		4 		2 		2 			160
	2010 			8 		4 		4 		2 			150
주상복합 아파트
        2000 			8 		4 		5 		2 			225
	2015 			8 		4 		5 		2 			225

공원
	2000 			2 		- 		1 		- 			-

작은 상가
	1990 			6 		3 		2 		2 			50
	2000 			6 		3 		2 		2 			45
상가
	1990 			7 		3 		4 		4 			55
	2000 			7 		3 		4 		4 			55
저층 오피스 빌딩
	1980 			6 		3 		4 		2 			60
	2000 			6 		3 		4 		2 			70
고층 오피스 빌딩
	1970 			7 		3 		3 		2 			120
	1990 			7 		3 		4 		2 			125
	2000 			8 		3 		4 		2 			125
마천루
	1980 			8 		6 		8 		4 			205
	1990 			8 		6 		8 		4 			225
	2010 			8 		6 		8 		4 			225

시청
	2010 			8 		6 		4 		2 			65
학교
	1980 			8 		4 		4 		4 			150
	2010 			7 		4 		4 		4 			120
경찰서
	2010 			4 		4 		3 		1 			35
소방서
	2010 			4 		3 		4 		1 			35
백화점
	2010 			8 		4 		8 		8 			200